0 0.909 0.75
0.05 0.91074 0.75015
0.1 0.912459 0.750324
0.15 0.914151 0.750523
0.2 0.915814 0.750747
0.25 0.917443 0.750998
0.3 0.919034 0.751276
0.35 0.920581 0.751581
0.4 0.922082 0.751913
0.45 0.92353 0.752273
0.5 0.924922 0.75266
0.55 0.926253 0.753075
0.6 0.927518 0.753517
0.65 0.928713 0.753986
0.7 0.929833 0.754481
0.75 0.930875 0.755001
0.8 0.931833 0.755545
0.85 0.932704 0.756112
0.9 0.933485 0.7567
0.95 0.934171 0.757307
1 0.93476 0.757931
1.05 0.935248 0.75857
1.1 0.935634 0.759222
1.15 0.935916 0.759884
1.2 0.936092 0.760552
1.25 0.936161 0.761224
1.3 0.936124 0.761898
1.35 0.935979 0.762569
1.4 0.935727 0.763236
1.45 0.935371 0.763895
1.5 0.93491 0.764543
1.55 0.934348 0.765177
1.6 0.933687 0.765796
1.65 0.932929 0.766397
1.7 0.932078 0.766978
1.75 0.931138 0.767537
1.8 0.930113 0.768073
1.85 0.929005 0.768583
1.9 0.927821 0.769068
1.95 0.926564 0.769526
2 0.925238 0.769957
2.05 0.923849 0.77036
2.1 0.922401 0.770735
2.15 0.920899 0.771081
2.2 0.919348 0.7714
2.25 0.917751 0.771691
2.3 0.916114 0.771954
2.35 0.914442 0.77219
2.4 0.912737 0.772399
2.45 0.911006 0.772582
2.5 0.909251 0.77274
2.55 0.907478 0.772873
2.6 0.905689 0.772982
2.65 0.903889 0.773067
2.7 0.902081 0.77313
2.75 0.900269 0.773171
2.8 0.898456 0.77319
2.85 0.896645 0.77319
2.9 0.89484 0.773169
2.95 0.893042 0.77313
3 0.891256 0.773073
3.05 0.889483 0.772998
3.1 0.887726 0.772907
3.15 0.885987 0.772799
3.2 0.88427 0.772676
3.25 0.882575 0.772538
3.3 0.880905 0.772386
3.35 0.879262 0.772221
3.4 0.877648 0.772043
3.45 0.876064 0.771852
3.5 0.874512 0.77165
3.55 0.872994 0.771436
3.6 0.871511 0.771212
3.65 0.870065 0.770977
3.7 0.868656 0.770733
3.75 0.867286 0.77048
3.8 0.865956 0.770217
3.85 0.864668 0.769947
3.9 0.863422 0.769668
3.95 0.862218 0.769382
4 0.861059 0.769089
4.05 0.859945 0.76879
4.1 0.858877 0.768484
4.15 0.857855 0.768172
4.2 0.856879 0.767854
4.25 0.855952 0.767532
4.3 0.855073 0.767204
4.35 0.854243 0.766872
4.4 0.853462 0.766536
4.45 0.85273 0.766195
4.5 0.852049 0.765852
4.55 0.851419 0.765504
4.6 0.850839 0.765154
4.65 0.850311 0.764802
4.7 0.849834 0.764446
4.75 0.849408 0.764089
4.8 0.849035 0.76373
4.85 0.848714 0.763369
4.9 0.848445 0.763007
4.95 0.848228 0.762644
5 0.848064 0.76228
5.05 0.847952 0.761916
5.1 0.847893 0.761551
5.15 0.847887 0.761186
5.2 0.847933 0.760822
5.25 0.848031 0.760458
5.3 0.848182 0.760095
5.35 0.848385 0.759733
5.4 0.848641 0.759373
5.45 0.848948 0.759014
5.5 0.849308 0.758656
5.55 0.849718 0.758301
5.6 0.850181 0.757948
5.65 0.850694 0.757598
5.7 0.851258 0.757251
5.75 0.851873 0.756907
5.8 0.852537 0.756566
5.85 0.853252 0.756229
5.9 0.854015 0.755896
5.95 0.854827 0.755568
6 0.855688 0.755244
6.05 0.856596 0.754925
6.1 0.857551 0.754612
6.15 0.858552 0.754304
6.2 0.8596 0.754001
6.25 0.860692 0.753706
6.3 0.861829 0.753416
6.35 0.863009 0.753134
6.4 0.864232 0.752859
6.45 0.865496 0.752592
6.5 0.866801 0.752333
6.55 0.868145 0.752082
6.6 0.869528 0.75184
6.65 0.870948 0.751608
6.7 0.872405 0.751386
6.75 0.873896 0.751173
6.8 0.87542 0.750972
6.85 0.876976 0.750782
6.9 0.878563 0.750603
6.95 0.880178 0.750437
7 0.88182 0.750283
7.05 0.883487 0.750143
7.1 0.885178 0.750017
7.15 0.88689 0.749905
7.2 0.88862 0.749809
7.25 0.890368 0.749728
7.3 0.89213 0.749664
7.35 0.893903 0.749617
7.4 0.895687 0.749588
7.45 0.897477 0.749577
7.5 0.89927 0.749585
7.55 0.901065 0.749613
7.6 0.902857 0.749662
7.65 0.904643 0.749732
7.7 0.906421 0.749824
7.75 0.908186 0.749939
7.8 0.909935 0.750077
7.85 0.911664 0.75024
7.9 0.913369 0.750427
7.95 0.915046 0.75064
8 0.916692 0.750879
8.05 0.9183 0.751144
8.1 0.919868 0.751436
8.15 0.921391 0.751756
8.2 0.922864 0.752103
8.25 0.924283 0.752477
8.3 0.925642 0.752879
8.35 0.926939 0.753309
8.4 0.928167 0.753765
8.45 0.929322 0.754248
8.5 0.930401 0.754756
8.55 0.931398 0.75529
8.6 0.932311 0.755846
8.65 0.933133 0.756424
8.7 0.933864 0.757023
8.75 0.934498 0.757639
8.8 0.935033 0.758272
8.85 0.935467 0.758918
8.9 0.935798 0.759576
8.95 0.936023 0.760241
9 0.936142 0.760912
9.05 0.936154 0.761585
9.1 0.936058 0.762258
9.15 0.935856 0.762927
9.2 0.935548 0.76359
9.25 0.935136 0.764243
9.3 0.934621 0.764885
9.35 0.934005 0.765511
9.4 0.933292 0.766121
9.45 0.932484 0.766711
9.5 0.931585 0.76728
9.55 0.930598 0.767827
9.6 0.929528 0.768349
9.65 0.928379 0.768846
9.7 0.927155 0.769317
9.75 0.925861 0.76976
9.8 0.924501 0.770176
9.85 0.92308 0.770564
9.9 0.921603 0.770924
9.95 0.920073 0.771255
10 0.918497 0.771559
10.05 0.916879 0.771835
10.1 0.915222 0.772083
10.15 0.913532 0.772305
10.2 0.911813 0.7725
10.25 0.910068 0.772669
10.3 0.908303 0.772814
10.35 0.906521 0.772934
10.4 0.904726 0.77303
10.45 0.902921 0.773103
10.5 0.901111 0.773154
10.55 0.899298 0.773184
10.6 0.897486 0.773192
10.65 0.895677 0.773181
10.7 0.893876 0.773151
10.75 0.892084 0.773102
10.8 0.890304 0.773035
10.85 0.88854 0.772951
10.9 0.886792 0.772851
10.95 0.885065 0.772735
11 0.883359 0.772604
11.05 0.881678 0.772458
11.1 0.880022 0.772299
11.15 0.878394 0.772127
11.2 0.876796 0.771942
11.25 0.875229 0.771745
11.3 0.873695 0.771536
11.35 0.872196 0.771317
11.4 0.870732 0.771087
11.45 0.869306 0.770847
11.5 0.867918 0.770598
11.55 0.866569 0.77034
11.6 0.865262 0.770073
11.65 0.863996 0.769798
11.7 0.862773 0.769516
11.75 0.861593 0.769226
11.8 0.860458 0.768929
11.85 0.859368 0.768626
11.9 0.858324 0.768317
11.95 0.857327 0.768002
12 0.856378 0.767682
12.05 0.855476 0.767357
12.1 0.854623 0.767027
12.15 0.853819 0.766692
12.2 0.853065 0.766354
12.25 0.85236 0.766011
12.3 0.851706 0.765666
12.35 0.851103 0.765317
12.4 0.850551 0.764966
12.45 0.85005 0.764611
12.5 0.849601 0.764255
12.55 0.849203 0.763897
12.6 0.848858 0.763537
12.65 0.848564 0.763175
12.7 0.848323 0.762813
12.75 0.848135 0.762449
12.8 0.847999 0.762085
12.85 0.847915 0.76172
12.9 0.847885 0.761356
12.95 0.847906 0.760991
13 0.84798 0.760627
13.05 0.848107 0.760264
13.1 0.848286 0.759901
13.15 0.848517 0.75954
13.2 0.848801 0.75918
13.25 0.849136 0.758822
13.3 0.849523 0.758466
13.35 0.849961 0.758112
13.4 0.850451 0.75776
13.45 0.850991 0.757412
13.5 0.851582 0.757066
13.55 0.852224 0.756724
13.6 0.852915 0.756385
13.65 0.853656 0.756051
13.7 0.854445 0.75572
13.75 0.855284 0.755394
13.8 0.85617 0.755073
13.85 0.857103 0.754757
13.9 0.858083 0.754446
13.95 0.859109 0.754141
14 0.860181 0.753842
14.05 0.861297 0.75355
14.1 0.862457 0.753264
14.15 0.86366 0.752986
14.2 0.864905 0.752715
14.25 0.866191 0.752452
14.3 0.867517 0.752197
14.35 0.868883 0.751952
14.4 0.870286 0.751715
14.45 0.871725 0.751488
14.5 0.8732 0.751271
14.55 0.874709 0.751064
14.6 0.876251 0.750869
14.65 0.877824 0.750685
14.7 0.879426 0.750513
14.75 0.881056 0.750353
14.8 0.882711 0.750207
14.85 0.884391 0.750074
14.9 0.886093 0.749956
14.95 0.887815 0.749852
15 0.889555 0.749764
15.05 0.891311 0.749692
15.1 0.893079 0.749637
15.15 0.894859 0.749599
15.2 0.896646 0.74958
15.25 0.898438 0.749579
15.3 0.900232 0.749598
15.35 0.902026 0.749637
15.4 0.903815 0.749697
15.45 0.905597 0.749779
15.5 0.907369 0.749883
15.55 0.909126 0.750011
15.6 0.910864 0.750162
15.65 0.912581 0.750338
15.7 0.914272 0.750538
15.75 0.915932 0.750765
15.8 0.917558 0.751018
15.85 0.919146 0.751298
15.9 0.92069 0.751604
15.95 0.922187 0.751939
16 0.923631 0.7523
16.05 0.925019 0.75269
16.1 0.926345 0.753106
16.15 0.927605 0.75355
16.2 0.928795 0.754021
16.25 0.92991 0.754518
16.3 0.930945 0.755039
16.35 0.931897 0.755585
16.4 0.932762 0.756153
16.45 0.933536 0.756743
16.5 0.934215 0.757351
16.55 0.934797 0.757977
16.6 0.935278 0.758617
16.65 0.935656 0.75927
16.7 0.935931 0.759932
16.75 0.936099 0.7606
16.8 0.936161 0.761273
16.85 0.936115 0.761946
16.9 0.935963 0.762617
16.95 0.935704 0.763283
17 0.935339 0.763941
17.05 0.934872 0.764589
17.1 0.934302 0.765222
17.15 0.933634 0.76584
17.2 0.93287 0.76644
17.25 0.932012 0.767019
17.3 0.931066 0.767576
17.35 0.930034 0.76811
17.4 0.928922 0.768619
17.45 0.927732 0.769102
17.5 0.92647 0.769558
17.55 0.92514 0.769986
17.6 0.923746 0.770387
17.65 0.922294 0.77076
17.7 0.920789 0.771105
17.75 0.919234 0.771421
17.8 0.917634 0.77171
17.85 0.915995 0.771971
17.9 0.91432 0.772205
17.95 0.912614 0.772412
18 0.910881 0.772594
18.05 0.909125 0.77275
18.1 0.90735 0.772881
18.15 0.905561 0.772988
18.2 0.90376 0.773072
18.25 0.901952 0.773133
18.3 0.90014 0.773172
18.35 0.898327 0.77319
18.4 0.896516 0.773188
18.45 0.894711 0.773167
18.5 0.892914 0.773126
18.55 0.891129 0.773068
18.6 0.889357 0.772992
18.65 0.887601 0.772899
18.7 0.885864 0.77279
18.75 0.884148 0.772666
18.8 0.882455 0.772527
18.85 0.880788 0.772374
18.9 0.879147 0.772208
18.95 0.877535 0.772029
19 0.875953 0.771837
19.05 0.874404 0.771634
19.1 0.872888 0.77142
19.15 0.871408 0.771195
19.2 0.869964 0.77096
19.25 0.868558 0.770715
19.3 0.867191 0.770461
19.35 0.865864 0.770198
19.4 0.864579 0.769927
19.45 0.863336 0.769648
19.5 0.862136 0.769361
19.55 0.86098 0.769068
19.6 0.859869 0.768768
19.65 0.858804 0.768461
19.7 0.857785 0.768149
19.75 0.856814 0.767831
19.8 0.85589 0.767508
19.85 0.855014 0.76718
19.9 0.854187 0.766848
19.95 0.85341 0.766511
20 0.852682 0.766171
20.05 0.852005 0.765827
20.1 0.851378 0.765479
20.15 0.850802 0.765129
20.2 0.850277 0.764776
20.25 0.849804 0.764421
20.3 0.849382 0.764063
20.35 0.849013 0.763704
20.4 0.848695 0.763343
20.45 0.84843 0.762981
20.5 0.848217 0.762618
20.55 0.848057 0.762254
20.6 0.847949 0.761889
20.65 0.847894 0.761525
20.7 0.847891 0.76116
20.75 0.847941 0.760796
20.8 0.848043 0.760432
20.85 0.848198 0.760069
20.9 0.848405 0.759707
20.95 0.848664 0.759347
21 0.848975 0.758988
21.05 0.849338 0.758631
21.1 0.849753 0.758276
21.15 0.850219 0.757923
21.2 0.850735 0.757573
21.25 0.851303 0.757226
21.3 0.851921 0.756882
21.35 0.852589 0.756542
21.4 0.853307 0.756205
21.45 0.854074 0.755873
21.5 0.85489 0.755545
21.55 0.855754 0.755221
21.6 0.856665 0.754903
21.65 0.857624 0.75459
21.7 0.858629 0.754282
21.75 0.859679 0.75398
21.8 0.860775 0.753685
21.85 0.861914 0.753396
21.9 0.863098 0.753114
21.95 0.864323 0.75284
22 0.86559 0.752573
22.05 0.866898 0.752315
22.1 0.868245 0.752065
22.15 0.869631 0.751824
22.2 0.871054 0.751592
22.25 0.872512 0.75137
22.3 0.874006 0.751159
22.35 0.875533 0.750958
22.4 0.877091 0.750769
22.45 0.87868 0.750591
22.5 0.880297 0.750426
22.55 0.881941 0.750273
22.6 0.88361 0.750134
22.65 0.885302 0.750009
22.7 0.887015 0.749899
22.75 0.888747 0.749803
22.8 0.890495 0.749724
22.85 0.892258 0.749661
22.9 0.894032 0.749615
22.95 0.895816 0.749587
23 0.897606 0.749577
23.05 0.8994 0.749587
23.1 0.901194 0.749616
23.15 0.902986 0.749667
23.2 0.904772 0.749738
23.25 0.906549 0.749832
23.3 0.908313 0.749949
23.35 0.91006 0.750089
23.4 0.911787 0.750253
23.45 0.913491 0.750442
23.5 0.915166 0.750657
23.55 0.916808 0.750898
23.6 0.918414 0.751165
23.65 0.919979 0.751459
23.7 0.921498 0.75178
23.75 0.922967 0.752129
23.8 0.924382 0.752506
23.85 0.925737 0.75291
23.9 0.927028 0.753341
23.95 0.928251 0.7538
24 0.929402 0.754284
24.05 0.930474 0.754794
24.1 0.931466 0.755329
24.15 0.932371 0.755887
24.2 0.933188 0.756467
24.25 0.933911 0.757067
24.3 0.934538 0.757685
24.35 0.935066 0.758318
24.4 0.935493 0.758966
24.45 0.935816 0.759623
24.5 0.936033 0.760289
24.55 0.936145 0.760961
24.6 0.936149 0.761634
24.65 0.936046 0.762306
24.7 0.935836 0.762975
24.75 0.935521 0.763637
24.8 0.935101 0.76429
24.85 0.934578 0.76493
24.9 0.933956 0.765555
24.95 0.933235 0.766164
25 0.932421 0.766753
25.05 0.931515 0.76732
25.1 0.930523 0.767865
25.15 0.929447 0.768386
25.2 0.928293 0.768881
25.25 0.927063 0.769349
25.3 0.925764 0.769791
25.35 0.9244 0.770204
25.4 0.922975 0.77059
25.45 0.921493 0.770948
25.5 0.919961 0.771277
25.55 0.918382 0.771579
25.6 0.91676 0.771853
25.65 0.915101 0.772099
25.7 0.913409 0.772319
25.75 0.911688 0.772512
25.8 0.909942 0.77268
25.85 0.908176 0.772823
25.9 0.906393 0.772941
25.95 0.904597 0.773035
26 0.902792 0.773107
26.05 0.900981 0.773156
26.1 0.899168 0.773184
26.15 0.897356 0.773192
26.2 0.895548 0.773179
26.25 0.893747 0.773147
26.3 0.891956 0.773097
26.35 0.890178 0.773029
26.4 0.888414 0.772944
26.45 0.886668 0.772842
26.5 0.884942 0.772725
26.55 0.883239 0.772593
26.6 0.881559 0.772447
26.65 0.879905 0.772287
26.7 0.87828 0.772113
26.75 0.876684 0.771928
26.8 0.875119 0.77173
26.85 0.873588 0.771521
26.9 0.872091 0.7713
26.95 0.87063 0.77107
27 0.869207 0.770829
27.05 0.867821 0.770579
27.1 0.866476 0.770321
27.15 0.865171 0.770053
27.2 0.863908 0.769778
27.25 0.862688 0.769495
27.3 0.861512 0.769205
27.35 0.86038 0.768908
27.4 0.859294 0.768604
27.45 0.858253 0.768294
27.5 0.85726 0.767979
27.55 0.856314 0.767658
27.6 0.855415 0.767333
27.65 0.854566 0.767002
27.7 0.853766 0.766668
27.75 0.853015 0.766329
27.8 0.852314 0.765987
27.85 0.851664 0.765641
27.9 0.851064 0.765292
27.95 0.850516 0.76494
28 0.850018 0.764586
28.05 0.849573 0.764229
28.1 0.849179 0.763871
28.15 0.848837 0.763511
28.2 0.848548 0.763149
28.25 0.848311 0.762786
28.3 0.848126 0.762423
28.35 0.847994 0.762059
28.4 0.847914 0.761694
28.45 0.847887 0.761329
28.5 0.847912 0.760965
28.55 0.84799 0.760601
28.6 0.848121 0.760238
28.65 0.848304 0.759875
28.7 0.848539 0.759514
28.75 0.848826 0.759154
28.8 0.849165 0.758796
28.85 0.849555 0.75844
28.9 0.849997 0.758086
28.95 0.850491 0.757735
29 0.851035 0.757387
29.05 0.85163 0.757042
29.1 0.852275 0.7567
29.15 0.852969 0.756361
29.2 0.853714 0.756027
29.25 0.854507 0.755697
29.3 0.855348 0.755371
29.35 0.856238 0.75505
29.4 0.857174 0.754734
29.45 0.858158 0.754424
29.5 0.859187 0.75412
29.55 0.860262 0.753821
29.6 0.861381 0.753529
29.65 0.862544 0.753244
29.7 0.86375 0.752966
29.75 0.864998 0.752696
29.8 0.866287 0.752434
29.85 0.867616 0.75218
29.9 0.868984 0.751935
29.95 0.87039 0.751699
30 0.871832 0.751472
30.05 0.87331 0.751256
30.1 0.874821 0.75105
30.15 0.876365 0.750855
30.2 0.87794 0.750672
30.25 0.879544 0.750501
30.3 0.881175 0.750343
30.35 0.882833 0.750197
30.4 0.884515 0.750066
30.45 0.886218 0.749948
30.5 0.887941 0.749846
30.55 0.889682 0.749759
30.6 0.891439 0.749688
30.65 0.893208 0.749634
30.7 0.894988 0.749598
30.75 0.896775 0.74958
30.8 0.898568 0.74958
30.85 0.900362 0.749601
30.9 0.902155 0.749641
30.95 0.903944 0.749703
31 0.905726 0.749786
31.05 0.907496 0.749892
31.1 0.909252 0.750021
31.15 0.910989 0.750174
31.2 0.912704 0.750352
31.25 0.914392 0.750555
31.3 0.91605 0.750783
31.35 0.917674 0.751038
31.4 0.919258 0.751319
31.45 0.920799 0.751628
31.5 0.922292 0.751964
31.55 0.923732 0.752328
31.6 0.925116 0.752719
31.65 0.926437 0.753138
31.7 0.927692 0.753584
31.75 0.928877 0.754056
31.8 0.929986 0.754555
31.85 0.931016 0.755078
31.9 0.931961 0.755626
31.95 0.93282 0.756196
32 0.933587 0.756786
32.05 0.934259 0.757396
32.1 0.934833 0.758023
32.15 0.935307 0.758664
32.2 0.935678 0.759317
32.25 0.935945 0.75998
32.3 0.936105 0.760649
32.35 0.936159 0.761321
32.4 0.936106 0.761995
32.45 0.935946 0.762666
32.5 0.935679 0.763331
32.55 0.935308 0.763988
32.6 0.934832 0.764635
32.65 0.934256 0.765267
32.7 0.933581 0.765884
32.75 0.93281 0.766482
32.8 0.931946 0.767059
32.85 0.930993 0.767615
32.9 0.929956 0.768147
32.95 0.928837 0.768654
33 0.927642 0.769135
33.05 0.926375 0.769589
33.1 0.92504 0.770016
33.15 0.923643 0.770414
33.2 0.922187 0.770785
33.25 0.920678 0.771128
33.3 0.919119 0.771442
33.35 0.917517 0.771729
33.4 0.915875 0.771988
33.45 0.914198 0.77222
33.5 0.912489 0.772426
33.55 0.910755 0.772605
33.6 0.908997 0.772759
33.65 0.907222 0.772889
33.7 0.905431 0.772994
33.75 0.90363 0.773076
33.8 0.901822 0.773136
33.85 0.900009 0.773174
33.9 0.898197 0.77319
33.95 0.896386 0.773187
34 0.894582 0.773164
34.05 0.892786 0.773122
34.1 0.891001 0.773062
34.15 0.889231 0.772985
34.2 0.887477 0.772891
34.25 0.885741 0.772781
34.3 0.884027 0.772656
34.35 0.882336 0.772516
34.4 0.88067 0.772362
34.45 0.879031 0.772195
34.5 0.877421 0.772015
34.55 0.875842 0.771823
34.6 0.874295 0.771619
34.65 0.872782 0.771404
34.7 0.871304 0.771178
34.75 0.869863 0.770942
34.8 0.86846 0.770696
34.85 0.867096 0.770442
34.9 0.865772 0.770178
34.95 0.86449 0.769906
35 0.86325 0.769627
35.05 0.862053 0.76934
35.1 0.860901 0.769046
35.15 0.859793 0.768745
35.2 0.858731 0.768439
35.25 0.857716 0.768126
35.3 0.856748 0.767808
35.35 0.855827 0.767484
35.4 0.854955 0.767156
35.45 0.854132 0.766823
35.5 0.853358 0.766486
35.55 0.852634 0.766146
35.6 0.85196 0.765801
35.65 0.851337 0.765454
35.7 0.850765 0.765103
35.75 0.850244 0.76475
35.8 0.849774 0.764395
35.85 0.849357 0.764037
35.9 0.848991 0.763678
35.95 0.848677 0.763317
36 0.848416 0.762955
36.05 0.848207 0.762591
36.1 0.84805 0.762228
36.15 0.847946 0.761863
36.2 0.847894 0.761499
36.25 0.847896 0.761134
36.3 0.847949 0.76077
36.35 0.848055 0.760406
36.4 0.848214 0.760043
36.45 0.848424 0.759681
36.5 0.848687 0.759321
36.55 0.849002 0.758962
36.6 0.849369 0.758605
36.65 0.849787 0.75825
36.7 0.850257 0.757898
36.75 0.850777 0.757548
36.8 0.851349 0.757201
36.85 0.85197 0.756858
36.9 0.852642 0.756518
36.95 0.853363 0.756181
37 0.854134 0.755849
37.05 0.854953 0.755521
37.1 0.85582 0.755198
37.15 0.856735 0.75488
37.2 0.857697 0.754567
37.25 0.858705 0.75426
37.3 0.859759 0.753959
37.35 0.860858 0.753664
37.4 0.862001 0.753376
37.45 0.863187 0.753095
37.5 0.864415 0.752821
37.55 0.865685 0.752555
37.6 0.866996 0.752297
37.65 0.868346 0.752047
37.7 0.869734 0.751807
37.75 0.87116 0.751576
37.8 0.872621 0.751355
37.85 0.874117 0.751144
37.9 0.875646 0.750945
37.95 0.877206 0.750756
38 0.878797 0.750579
38.05 0.880416 0.750415
38.1 0.882062 0.750263
38.15 0.883732 0.750125
38.2 0.885426 0.750001
38.25 0.88714 0.749892
38.3 0.888873 0.749797
38.35 0.890623 0.749719
38.4 0.892386 0.749657
38.45 0.894162 0.749613
38.5 0.895946 0.749586
38.55 0.897736 0.749578
38.6 0.89953 0.749589
38.65 0.901324 0.74962
38.7 0.903115 0.749672
38.75 0.904901 0.749745
38.8 0.906677 0.74984
38.85 0.908439 0.749959
38.9 0.910186 0.750101
38.95 0.911911 0.750267
39 0.913612 0.750458
39.05 0.915285 0.750674
39.1 0.916925 0.750917
39.15 0.918528 0.751186
39.2 0.92009 0.751482
39.25 0.921605 0.751805
39.3 0.923071 0.752156
39.35 0.924481 0.752535
39.4 0.925832 0.752941
39.45 0.927118 0.753374
39.5 0.928336 0.753834
39.55 0.929481 0.754321
39.6 0.930548 0.754833
39.65 0.931533 0.755369
39.7 0.932432 0.755929
39.75 0.933242 0.75651
39.8 0.933958 0.757111
39.85 0.934578 0.75773
39.9 0.935099 0.758365
39.95 0.935518 0.759013
40 0.935833 0.759671
40.05 0.936043 0.760338
40.1 0.936147 0.761009
40.15 0.936143 0.761682
40.2 0.936033 0.762355
40.25 0.935815 0.763023
40.3 0.935492 0.763685
40.35 0.935065 0.764336
40.4 0.934535 0.764975
40.45 0.933905 0.7656
40.5 0.933178 0.766206
40.55 0.932357 0.766794
40.6 0.931445 0.76736
40.65 0.930447 0.767903
40.7 0.929365 0.768422
40.75 0.928205 0.768915
40.8 0.926971 0.769381
40.85 0.925667 0.769821
40.9 0.924298 0.770233
40.95 0.922869 0.770616
41 0.921384 0.770972
41.05 0.919848 0.7713
41.1 0.918265 0.771599
41.15 0.916641 0.771871
41.2 0.91498 0.772116
41.25 0.913285 0.772333
41.3 0.911562 0.772525
41.35 0.909815 0.772691
41.4 0.908047 0.772831
41.45 0.906263 0.772948
41.5 0.904467 0.773041
41.55 0.902661 0.773111
41.6 0.90085 0.773158
41.65 0.899038 0.773185
41.7 0.897226 0.773191
41.75 0.895418 0.773177
41.8 0.893618 0.773143
41.85 0.891828 0.773092
41.9 0.890051 0.773023
41.95 0.888289 0.772936
42 0.886544 0.772834
42.05 0.88482 0.772716
42.1 0.883118 0.772583
42.15 0.88144 0.772435
42.2 0.879788 0.772274
42.25 0.878165 0.7721
42.3 0.876571 0.771913
42.35 0.875009 0.771715
42.4 0.87348 0.771505
42.45 0.871986 0.771284
42.5 0.870528 0.771052
42.55 0.869107 0.770811
42.6 0.867725 0.770561
42.65 0.866382 0.770301
42.7 0.865081 0.770033
42.75 0.863821 0.769757
42.8 0.862604 0.769474
42.85 0.861431 0.769183
42.9 0.860302 0.768886
42.95 0.859219 0.768582
43 0.858182 0.768272
43.05 0.857192 0.767956
43.1 0.856249 0.767635
43.15 0.855355 0.767309
43.2 0.854509 0.766978
43.25 0.853712 0.766643
43.3 0.852965 0.766304
43.35 0.852268 0.765961
43.4 0.851621 0.765615
43.45 0.851025 0.765266
43.5 0.85048 0.764914
43.55 0.849987 0.76456
43.6 0.849545 0.764203
43.65 0.849155 0.763845
43.7 0.848817 0.763484
43.75 0.848532 0.763123
43.8 0.848298 0.76276
43.85 0.848117 0.762396
43.9 0.847989 0.762032
43.95 0.847913 0.761668
44 0.84789 0.761303
44.05 0.847919 0.760939
44.1 0.848001 0.760575
44.15 0.848135 0.760211
44.2 0.848321 0.759849
44.25 0.84856 0.759488
44.3 0.848851 0.759128
44.35 0.849194 0.758771
44.4 0.849588 0.758415
44.45 0.850034 0.758061
44.5 0.850531 0.75771
44.55 0.851079 0.757362
44.6 0.851677 0.757017
44.65 0.852326 0.756675
44.7 0.853024 0.756337
44.75 0.853772 0.756003
44.8 0.854568 0.755673
44.85 0.855413 0.755348
44.9 0.856306 0.755027
44.95 0.857246 0.754712
45 0.858233 0.754402
45.05 0.859266 0.754098
45.1 0.860344 0.7538
45.15 0.861466 0.753509
45.2 0.862632 0.753224
45.25 0.863841 0.752947
45.3 0.865092 0.752677
45.35 0.866384 0.752416
45.4 0.867716 0.752162
45.45 0.869087 0.751918
45.5 0.870495 0.751682
45.55 0.87194 0.751457
45.6 0.87342 0.751241
45.65 0.874933 0.751036
45.7 0.876479 0.750842
45.75 0.878056 0.75066
45.8 0.879662 0.75049
45.85 0.881296 0.750332
45.9 0.882955 0.750188
45.95 0.884638 0.750057
46 0.886343 0.749941
46.05 0.888068 0.749839
46.1 0.88981 0.749754
46.15 0.891567 0.749684
46.2 0.893337 0.749631
46.25 0.895118 0.749596
46.3 0.896906 0.74958
46.35 0.898698 0.749582
46.4 0.900492 0.749603
46.45 0.902285 0.749645
46.5 0.904074 0.749709
46.55 0.905854 0.749794
46.6 0.907624 0.749901
46.65 0.909378 0.750032
46.7 0.911114 0.750187
46.75 0.912827 0.750366
46.8 0.914513 0.750571
46.85 0.916169 0.750801
46.9 0.917789 0.751058
46.95 0.919371 0.751341
47 0.920908 0.751652
47.05 0.922397 0.75199
47.1 0.923834 0.752356
47.15 0.925212 0.752749
47.2 0.926529 0.75317
47.25 0.927779 0.753618
47.3 0.928958 0.754092
47.35 0.930062 0.754592
47.4 0.931086 0.755118
47.45 0.932025 0.755667
47.5 0.932877 0.756238
47.55 0.933637 0.75683
47.6 0.934302 0.757441
47.65 0.934869 0.758069
47.7 0.935336 0.758711
47.75 0.935699 0.759365
47.8 0.935958 0.760028
47.85 0.936111 0.760697
47.9 0.936157 0.76137
47.95 0.936096 0.762043
48 0.935928 0.762714
48.05 0.935654 0.763379
48.1 0.935275 0.764035
48.15 0.934793 0.764681
48.2 0.934209 0.765312
48.25 0.933527 0.765927
48.3 0.932749 0.766524
48.35 0.931879 0.7671
48.4 0.93092 0.767654
48.45 0.929876 0.768184
48.5 0.928752 0.768689
48.55 0.927552 0.769168
48.6 0.92628 0.76962
48.65 0.92494 0.770045
48.7 0.923538 0.770442
48.75 0.922079 0.77081
48.8 0.920566 0.771151
48.85 0.919004 0.771463
48.9 0.917399 0.771748
48.95 0.915754 0.772005
49 0.914075 0.772235
49.05 0.912365 0.772439
49.1 0.910628 0.772617
49.15 0.908869 0.772769
49.2 0.907093 0.772896
49.25 0.905301 0.773
49.3 0.9035 0.773081
49.35 0.901691 0.773139
49.4 0.899879 0.773175
49.45 0.898066 0.77319
49.5 0.896256 0.773185
49.55 0.894452 0.773161
49.6 0.892657 0.773118
49.65 0.890874 0.773057
49.7 0.889104 0.772978
49.75 0.887351 0.772883
49.8 0.885617 0.772772
49.85 0.883905 0.772646
49.9 0.882215 0.772505
49.95 0.880552 0.77235
50 0.878915 0.772182
