0 0.909 0.75
0.05 0.91074 0.75015
0.1 0.912459 0.750324
0.15 0.914151 0.750523
0.2 0.915814 0.750747
0.25 0.917443 0.750998
0.3 0.919034 0.751276
0.35 0.920581 0.751581
0.4 0.922082 0.751913
0.45 0.92353 0.752273
0.5 0.924922 0.75266
0.55 0.926253 0.753075
0.6 0.927518 0.753517
0.65 0.928713 0.753986
0.7 0.929834 0.754481
0.75 0.930875 0.755001
0.8 0.931833 0.755545
0.85 0.932705 0.756112
0.9 0.933485 0.7567
0.95 0.934171 0.757307
1 0.93476 0.757931
1.05 0.935248 0.75857
1.1 0.935635 0.759222
1.15 0.935916 0.759884
1.2 0.936092 0.760552
1.25 0.936162 0.761224
1.3 0.936124 0.761898
1.35 0.935979 0.762569
1.4 0.935728 0.763236
1.45 0.935371 0.763895
1.5 0.934911 0.764543
1.55 0.934348 0.765178
1.6 0.933687 0.765797
1.65 0.932929 0.766398
1.7 0.932079 0.766978
1.75 0.931139 0.767537
1.8 0.930113 0.768073
1.85 0.929006 0.768584
1.9 0.927821 0.769068
1.95 0.926564 0.769526
2 0.925239 0.769957
2.05 0.92385 0.77036
2.1 0.922402 0.770735
2.15 0.9209 0.771081
2.2 0.919348 0.7714
2.25 0.917751 0.771691
2.3 0.916115 0.771954
2.35 0.914442 0.77219
2.4 0.912738 0.772399
2.45 0.911006 0.772582
2.5 0.909252 0.77274
2.55 0.907478 0.772873
2.6 0.905689 0.772982
2.65 0.903889 0.773067
2.7 0.902081 0.77313
2.75 0.900269 0.773171
2.8 0.898456 0.773191
2.85 0.896645 0.77319
2.9 0.89484 0.77317
2.95 0.893042 0.773131
3 0.891255 0.773073
3.05 0.889482 0.772998
3.1 0.887725 0.772907
3.15 0.885987 0.772799
3.2 0.884269 0.772676
3.25 0.882575 0.772538
3.3 0.880905 0.772387
3.35 0.879262 0.772221
3.4 0.877647 0.772043
3.45 0.876064 0.771852
3.5 0.874512 0.77165
3.55 0.872994 0.771436
3.6 0.871511 0.771212
3.65 0.870064 0.770977
3.7 0.868655 0.770733
3.75 0.867285 0.77048
3.8 0.865956 0.770218
3.85 0.864667 0.769947
3.9 0.863421 0.769668
3.95 0.862218 0.769383
4 0.861059 0.76909
4.05 0.859944 0.76879
4.1 0.858876 0.768484
4.15 0.857854 0.768172
4.2 0.856879 0.767854
4.25 0.855951 0.767532
4.3 0.855072 0.767204
4.35 0.854242 0.766872
4.4 0.853461 0.766536
4.45 0.852729 0.766196
4.5 0.852048 0.765852
4.55 0.851418 0.765505
4.6 0.850838 0.765154
4.65 0.85031 0.764802
4.7 0.849833 0.764446
4.75 0.849407 0.764089
4.8 0.849034 0.76373
4.85 0.848713 0.763369
4.9 0.848444 0.763007
4.95 0.848227 0.762644
5 0.848063 0.76228
5.05 0.847951 0.761916
5.1 0.847892 0.761551
5.15 0.847886 0.761186
5.2 0.847932 0.760822
5.25 0.84803 0.760458
5.3 0.848181 0.760095
5.35 0.848384 0.759733
5.4 0.84864 0.759373
5.45 0.848947 0.759014
5.5 0.849306 0.758656
5.55 0.849717 0.758301
5.6 0.85018 0.757948
5.65 0.850693 0.757598
5.7 0.851257 0.757251
5.75 0.851871 0.756907
5.8 0.852536 0.756566
5.85 0.85325 0.756229
5.9 0.854014 0.755896
5.95 0.854826 0.755568
6 0.855686 0.755244
6.05 0.856595 0.754925
6.1 0.85755 0.754612
6.15 0.858551 0.754303
6.2 0.859599 0.754001
6.25 0.860691 0.753705
6.3 0.861828 0.753416
6.35 0.863008 0.753134
6.4 0.86423 0.752859
6.45 0.865495 0.752592
6.5 0.8668 0.752333
6.55 0.868144 0.752082
6.6 0.869527 0.75184
6.65 0.870947 0.751608
6.7 0.872404 0.751385
6.75 0.873895 0.751173
6.8 0.875419 0.750972
6.85 0.876975 0.750781
6.9 0.878562 0.750603
6.95 0.880177 0.750437
7 0.881819 0.750283
7.05 0.883487 0.750143
7.1 0.885177 0.750017
7.15 0.886889 0.749905
7.2 0.88862 0.749809
7.25 0.890367 0.749728
7.3 0.892129 0.749664
7.35 0.893903 0.749617
7.4 0.895686 0.749587
7.45 0.897476 0.749576
7.5 0.89927 0.749585
7.55 0.901064 0.749613
7.6 0.902856 0.749662
7.65 0.904643 0.749732
7.7 0.906421 0.749824
7.75 0.908186 0.749939
7.8 0.909935 0.750077
7.85 0.911664 0.75024
7.9 0.913369 0.750427
7.95 0.915046 0.75064
8 0.916692 0.750879
8.05 0.9183 0.751144
8.1 0.919868 0.751436
8.15 0.921391 0.751756
8.2 0.922864 0.752102
8.25 0.924283 0.752477
8.3 0.925643 0.752879
8.35 0.926939 0.753309
8.4 0.928167 0.753765
8.45 0.929323 0.754248
8.5 0.930402 0.754756
8.55 0.931399 0.755289
8.6 0.932311 0.755846
8.65 0.933134 0.756424
8.7 0.933865 0.757023
8.75 0.934499 0.757639
8.8 0.935034 0.758272
8.85 0.935468 0.758918
8.9 0.935799 0.759576
8.95 0.936024 0.760241
9 0.936143 0.760912
9.05 0.936155 0.761585
9.1 0.936059 0.762258
9.15 0.935857 0.762927
9.2 0.93555 0.76359
9.25 0.935137 0.764243
9.3 0.934622 0.764885
9.35 0.934006 0.765511
9.4 0.933293 0.766121
9.45 0.932485 0.766711
9.5 0.931586 0.767281
9.55 0.930599 0.767827
9.6 0.92953 0.76835
9.65 0.92838 0.768847
9.7 0.927156 0.769317
9.75 0.925862 0.769761
9.8 0.924502 0.770176
9.85 0.923081 0.770564
9.9 0.921603 0.770924
9.95 0.920074 0.771256
10 0.918498 0.771559
10.05 0.916879 0.771835
10.1 0.915222 0.772084
10.15 0.913532 0.772305
10.2 0.911813 0.7725
10.25 0.910069 0.77267
10.3 0.908303 0.772814
10.35 0.906521 0.772934
10.4 0.904726 0.77303
10.45 0.902921 0.773104
10.5 0.901111 0.773155
10.55 0.899298 0.773184
10.6 0.897485 0.773193
10.65 0.895677 0.773182
10.7 0.893875 0.773151
10.75 0.892083 0.773102
10.8 0.890304 0.773035
10.85 0.888539 0.772951
10.9 0.886792 0.772851
10.95 0.885064 0.772735
11 0.883358 0.772604
11.05 0.881677 0.772459
11.1 0.880021 0.7723
11.15 0.878393 0.772127
11.2 0.876795 0.771942
11.25 0.875228 0.771745
11.3 0.873694 0.771537
11.35 0.872195 0.771317
11.4 0.870731 0.771088
11.45 0.869305 0.770848
11.5 0.867916 0.770599
11.55 0.866568 0.77034
11.6 0.86526 0.770074
11.65 0.863994 0.769799
11.7 0.862771 0.769516
11.75 0.861591 0.769226
11.8 0.860456 0.76893
11.85 0.859366 0.768627
11.9 0.858322 0.768317
11.95 0.857325 0.768003
12 0.856376 0.767682
12.05 0.855474 0.767357
12.1 0.854621 0.767027
12.15 0.853817 0.766692
12.2 0.853063 0.766354
12.25 0.852358 0.766012
12.3 0.851704 0.765666
12.35 0.851101 0.765317
12.4 0.850548 0.764966
12.45 0.850048 0.764612
12.5 0.849598 0.764255
12.55 0.849201 0.763897
12.6 0.848855 0.763537
12.65 0.848562 0.763175
12.7 0.848321 0.762813
12.75 0.848133 0.762449
12.8 0.847996 0.762085
12.85 0.847913 0.76172
12.9 0.847882 0.761356
12.95 0.847904 0.760991
13 0.847978 0.760627
13.05 0.848104 0.760264
13.1 0.848283 0.759901
13.15 0.848515 0.75954
13.2 0.848798 0.75918
13.25 0.849133 0.758822
13.3 0.84952 0.758466
13.35 0.849959 0.758112
13.4 0.850448 0.75776
13.45 0.850989 0.757412
13.5 0.85158 0.757066
13.55 0.852221 0.756724
13.6 0.852913 0.756385
13.65 0.853653 0.75605
13.7 0.854443 0.75572
13.75 0.855281 0.755394
13.8 0.856167 0.755073
13.85 0.857101 0.754756
13.9 0.858081 0.754446
13.95 0.859107 0.754141
14 0.860178 0.753842
14.05 0.861295 0.75355
14.1 0.862455 0.753264
14.15 0.863658 0.752986
14.2 0.864903 0.752715
14.25 0.866189 0.752452
14.3 0.867515 0.752197
14.35 0.86888 0.751951
14.4 0.870283 0.751715
14.45 0.871723 0.751487
14.5 0.873198 0.75127
14.55 0.874707 0.751064
14.6 0.876249 0.750868
14.65 0.877822 0.750684
14.7 0.879424 0.750512
14.75 0.881054 0.750353
14.8 0.88271 0.750206
14.85 0.88439 0.750074
14.9 0.886092 0.749955
14.95 0.887814 0.749852
15 0.889554 0.749764
15.05 0.891309 0.749692
15.1 0.893078 0.749636
15.15 0.894857 0.749599
15.2 0.896645 0.749579
15.25 0.898437 0.749578
15.3 0.900231 0.749597
15.35 0.902025 0.749636
15.4 0.903815 0.749696
15.45 0.905597 0.749778
15.5 0.907368 0.749882
15.55 0.909125 0.75001
15.6 0.910864 0.750161
15.65 0.912581 0.750337
15.7 0.914272 0.750538
15.75 0.915932 0.750764
15.8 0.917558 0.751017
15.85 0.919146 0.751297
15.9 0.92069 0.751604
15.95 0.922187 0.751938
16 0.923632 0.7523
16.05 0.925019 0.752689
16.1 0.926346 0.753106
16.15 0.927606 0.75355
16.2 0.928796 0.75402
16.25 0.929911 0.754517
16.3 0.930946 0.755039
16.35 0.931899 0.755585
16.4 0.932764 0.756153
16.45 0.933537 0.756742
16.5 0.934217 0.757351
16.55 0.934798 0.757976
16.6 0.935279 0.758617
16.65 0.935658 0.759269
16.7 0.935932 0.759931
16.75 0.936101 0.7606
16.8 0.936163 0.761273
16.85 0.936117 0.761946
16.9 0.935964 0.762617
16.95 0.935706 0.763283
17 0.935341 0.763941
17.05 0.934874 0.764589
17.1 0.934304 0.765222
17.15 0.933636 0.76584
17.2 0.932872 0.76644
17.25 0.932014 0.767019
17.3 0.931068 0.767576
17.35 0.930036 0.76811
17.4 0.928923 0.768619
17.45 0.927734 0.769102
17.5 0.926471 0.769558
17.55 0.925141 0.769987
17.6 0.923748 0.770388
17.65 0.922296 0.770761
17.7 0.92079 0.771105
17.75 0.919235 0.771422
17.8 0.917636 0.77171
17.85 0.915996 0.771972
17.9 0.914321 0.772206
17.95 0.912614 0.772413
18 0.910881 0.772594
18.05 0.909125 0.77275
18.1 0.90735 0.772882
18.15 0.905561 0.772989
18.2 0.90376 0.773072
18.25 0.901952 0.773134
18.3 0.90014 0.773173
18.35 0.898326 0.773191
18.4 0.896516 0.773189
18.45 0.894711 0.773168
18.5 0.892914 0.773127
18.55 0.891128 0.773068
18.6 0.889356 0.772992
18.65 0.8876 0.7729
18.7 0.885863 0.772791
18.75 0.884147 0.772667
18.8 0.882454 0.772528
18.85 0.880786 0.772375
18.9 0.879145 0.772209
18.95 0.877533 0.77203
19 0.875951 0.771838
19.05 0.874402 0.771635
19.1 0.872886 0.771421
19.15 0.871406 0.771196
19.2 0.869962 0.77096
19.25 0.868556 0.770715
19.3 0.867189 0.770461
19.35 0.865862 0.770198
19.4 0.864577 0.769927
19.45 0.863333 0.769648
19.5 0.862133 0.769362
19.55 0.860977 0.769068
19.6 0.859866 0.768768
19.65 0.858801 0.768462
19.7 0.857782 0.768149
19.75 0.856811 0.767832
19.8 0.855887 0.767508
19.85 0.855011 0.767181
19.9 0.854184 0.766848
19.95 0.853407 0.766512
20 0.852679 0.766171
20.05 0.852001 0.765827
20.1 0.851374 0.76548
20.15 0.850798 0.765129
20.2 0.850274 0.764776
20.25 0.8498 0.764421
20.3 0.849379 0.764063
20.35 0.849009 0.763704
20.4 0.848692 0.763343
20.45 0.848426 0.762981
20.5 0.848214 0.762618
20.55 0.848053 0.762254
20.6 0.847945 0.76189
20.65 0.84789 0.761525
20.7 0.847887 0.76116
20.75 0.847937 0.760796
20.8 0.848039 0.760432
20.85 0.848194 0.760069
20.9 0.848401 0.759707
20.95 0.84866 0.759347
21 0.848971 0.758988
21.05 0.849334 0.758631
21.1 0.849749 0.758276
21.15 0.850215 0.757923
21.2 0.850732 0.757573
21.25 0.851299 0.757226
21.3 0.851917 0.756882
21.35 0.852586 0.756542
21.4 0.853303 0.756205
21.45 0.85407 0.755873
21.5 0.854886 0.755545
21.55 0.85575 0.755221
21.6 0.856661 0.754903
21.65 0.85762 0.754589
21.7 0.858625 0.754282
21.75 0.859675 0.75398
21.8 0.860771 0.753685
21.85 0.861911 0.753396
21.9 0.863094 0.753114
21.95 0.86432 0.75284
22 0.865587 0.752573
22.05 0.866895 0.752314
22.1 0.868242 0.752064
22.15 0.869628 0.751823
22.2 0.87105 0.751592
22.25 0.872509 0.75137
22.3 0.874003 0.751158
22.35 0.875529 0.750958
22.4 0.877088 0.750768
22.45 0.878677 0.75059
22.5 0.880294 0.750425
22.55 0.881938 0.750273
22.6 0.883607 0.750133
22.65 0.885299 0.750008
22.7 0.887012 0.749898
22.75 0.888744 0.749802
22.8 0.890493 0.749723
22.85 0.892256 0.74966
22.9 0.89403 0.749614
22.95 0.895814 0.749586
23 0.897604 0.749576
23.05 0.899398 0.749586
23.1 0.901193 0.749616
23.15 0.902985 0.749666
23.2 0.904771 0.749738
23.25 0.906547 0.749831
23.3 0.908312 0.749948
23.35 0.910059 0.750088
23.4 0.911787 0.750252
23.45 0.91349 0.750441
23.5 0.915165 0.750656
23.55 0.916808 0.750897
23.6 0.918414 0.751164
23.65 0.919979 0.751458
23.7 0.921498 0.751779
23.75 0.922968 0.752128
23.8 0.924382 0.752505
23.85 0.925738 0.752909
23.9 0.927029 0.75334
23.95 0.928253 0.753799
24 0.929403 0.754283
24.05 0.930476 0.754794
24.1 0.931467 0.755328
24.15 0.932373 0.755886
24.2 0.93319 0.756466
24.25 0.933913 0.757066
24.3 0.93454 0.757684
24.35 0.935069 0.758318
24.4 0.935495 0.758965
24.45 0.935818 0.759623
24.5 0.936036 0.760289
24.55 0.936147 0.76096
24.6 0.936151 0.761634
24.65 0.936049 0.762306
24.7 0.935839 0.762975
24.75 0.935523 0.763637
24.8 0.935104 0.76429
24.85 0.934581 0.76493
24.9 0.933958 0.765556
24.95 0.933238 0.766164
25 0.932424 0.766753
25.05 0.931518 0.767321
25.1 0.930526 0.767865
25.15 0.92945 0.768386
25.2 0.928295 0.768881
25.25 0.927066 0.76935
25.3 0.925767 0.769791
25.35 0.924402 0.770205
25.4 0.922977 0.770591
25.45 0.921496 0.770949
25.5 0.919963 0.771278
25.55 0.918383 0.77158
25.6 0.916762 0.771854
25.65 0.915103 0.7721
25.7 0.91341 0.77232
25.75 0.911689 0.772513
25.8 0.909943 0.772681
25.85 0.908176 0.772824
25.9 0.906393 0.772942
25.95 0.904597 0.773036
26 0.902792 0.773108
26.05 0.900981 0.773157
26.1 0.899168 0.773185
26.15 0.897356 0.773193
26.2 0.895548 0.77318
26.25 0.893747 0.773148
26.3 0.891955 0.773098
26.35 0.890177 0.77303
26.4 0.888413 0.772945
26.45 0.886667 0.772843
26.5 0.884941 0.772726
26.55 0.883237 0.772594
26.6 0.881557 0.772448
26.65 0.879904 0.772288
26.7 0.878278 0.772114
26.75 0.876682 0.771929
26.8 0.875117 0.771731
26.85 0.873586 0.771521
26.9 0.872089 0.771301
26.95 0.870628 0.771071
27 0.869204 0.77083
27.05 0.867819 0.77058
27.1 0.866473 0.770321
27.15 0.865168 0.770054
27.2 0.863905 0.769779
27.25 0.862685 0.769496
27.3 0.861508 0.769205
27.35 0.860376 0.768908
27.4 0.85929 0.768605
27.45 0.858249 0.768295
27.5 0.857256 0.76798
27.55 0.85631 0.767659
27.6 0.855411 0.767333
27.65 0.854562 0.767003
27.7 0.853761 0.766668
27.75 0.853011 0.76633
27.8 0.85231 0.765987
27.85 0.851659 0.765641
27.9 0.85106 0.765292
27.95 0.850511 0.764941
28 0.850014 0.764586
28.05 0.849568 0.76423
28.1 0.849174 0.763871
28.15 0.848833 0.763511
28.2 0.848543 0.763149
28.25 0.848306 0.762787
28.3 0.848121 0.762423
28.35 0.847989 0.762059
28.4 0.847909 0.761694
28.45 0.847882 0.76133
28.5 0.847907 0.760965
28.55 0.847985 0.760601
28.6 0.848116 0.760238
28.65 0.848298 0.759875
28.7 0.848533 0.759514
28.75 0.84882 0.759154
28.8 0.849159 0.758796
28.85 0.84955 0.75844
28.9 0.849992 0.758086
28.95 0.850485 0.757735
29 0.851029 0.757387
29.05 0.851624 0.757041
29.1 0.852269 0.756699
29.15 0.852964 0.756361
29.2 0.853708 0.756027
29.25 0.854501 0.755696
29.3 0.855343 0.755371
29.35 0.856232 0.75505
29.4 0.857169 0.754734
29.45 0.858153 0.754424
29.5 0.859182 0.754119
29.55 0.860257 0.753821
29.6 0.861376 0.753529
29.65 0.862539 0.753244
29.7 0.863745 0.752966
29.75 0.864993 0.752696
29.8 0.866283 0.752433
29.85 0.867612 0.752179
29.9 0.86898 0.751934
29.95 0.870385 0.751698
30 0.871828 0.751472
30.05 0.873305 0.751255
30.1 0.874817 0.751049
30.15 0.876361 0.750855
30.2 0.877936 0.750671
30.25 0.87954 0.7505
30.3 0.881172 0.750342
30.35 0.882829 0.750196
30.4 0.884511 0.750065
30.45 0.886214 0.749947
30.5 0.887938 0.749845
30.55 0.889679 0.749758
30.6 0.891436 0.749687
30.65 0.893205 0.749633
30.7 0.894985 0.749597
30.75 0.896773 0.749578
30.8 0.898565 0.749579
30.85 0.90036 0.749599
30.9 0.902153 0.74964
30.95 0.903942 0.749702
31 0.905724 0.749785
31.05 0.907494 0.749891
31.1 0.90925 0.75002
31.15 0.910988 0.750173
31.2 0.912703 0.75035
31.25 0.914391 0.750553
31.3 0.91605 0.750782
31.35 0.917673 0.751037
31.4 0.919258 0.751318
31.45 0.920799 0.751627
31.5 0.922292 0.751963
31.55 0.923733 0.752327
31.6 0.925116 0.752718
31.65 0.926438 0.753137
31.7 0.927694 0.753583
31.75 0.928878 0.754055
31.8 0.929988 0.754554
31.85 0.931017 0.755077
31.9 0.931964 0.755625
31.95 0.932822 0.756194
32 0.933589 0.756785
32.05 0.934261 0.757395
32.1 0.934836 0.758022
32.15 0.93531 0.758663
32.2 0.935681 0.759316
32.25 0.935948 0.759979
32.3 0.936109 0.760648
32.35 0.936163 0.761321
32.4 0.93611 0.761994
32.45 0.935949 0.762665
32.5 0.935683 0.763331
32.55 0.935311 0.763988
32.6 0.934836 0.764635
32.65 0.93426 0.765267
32.7 0.933584 0.765884
32.75 0.932813 0.766482
32.8 0.93195 0.76706
32.85 0.930997 0.767615
32.9 0.929959 0.768148
32.95 0.928841 0.768655
33 0.927646 0.769136
33.05 0.926378 0.76959
33.1 0.925043 0.770017
33.15 0.923646 0.770415
33.2 0.92219 0.770786
33.25 0.92068 0.771129
33.3 0.919122 0.771443
33.35 0.917519 0.77173
33.4 0.915877 0.771989
33.45 0.9142 0.772221
33.5 0.912491 0.772427
33.55 0.910756 0.772606
33.6 0.908999 0.772761
33.65 0.907223 0.77289
33.7 0.905432 0.772995
33.75 0.903631 0.773078
33.8 0.901822 0.773137
33.85 0.90001 0.773175
33.9 0.898197 0.773192
33.95 0.896386 0.773188
34 0.894582 0.773165
34.05 0.892786 0.773123
34.1 0.891001 0.773064
34.15 0.88923 0.772986
34.2 0.887475 0.772892
34.25 0.88574 0.772783
34.3 0.884025 0.772657
34.35 0.882334 0.772518
34.4 0.880668 0.772364
34.45 0.879029 0.772196
34.5 0.877419 0.772016
34.55 0.875839 0.771824
34.6 0.874292 0.77162
34.65 0.872779 0.771405
34.7 0.871301 0.771179
34.75 0.86986 0.770943
34.8 0.868457 0.770697
34.85 0.867093 0.770443
34.9 0.865769 0.770179
34.95 0.864486 0.769908
35 0.863246 0.769628
35.05 0.862049 0.769341
35.1 0.860896 0.769047
35.15 0.859789 0.768746
35.2 0.858727 0.76844
35.25 0.857711 0.768127
35.3 0.856743 0.767809
35.35 0.855822 0.767485
35.4 0.85495 0.767157
35.45 0.854127 0.766824
35.5 0.853353 0.766487
35.55 0.852629 0.766147
35.6 0.851955 0.765802
35.65 0.851332 0.765455
35.7 0.850759 0.765104
35.75 0.850238 0.764751
35.8 0.849768 0.764395
35.85 0.849351 0.764038
35.9 0.848985 0.763678
35.95 0.848671 0.763317
36 0.848409 0.762955
36.05 0.8482 0.762592
36.1 0.848044 0.762228
36.15 0.84794 0.761864
36.2 0.847888 0.761499
36.25 0.847889 0.761134
36.3 0.847942 0.76077
36.35 0.848049 0.760406
36.4 0.848207 0.760043
36.45 0.848418 0.759682
36.5 0.848681 0.759321
36.55 0.848995 0.758962
36.6 0.849362 0.758605
36.65 0.84978 0.75825
36.7 0.85025 0.757898
36.75 0.85077 0.757548
36.8 0.851342 0.757201
36.85 0.851964 0.756858
36.9 0.852635 0.756518
36.95 0.853357 0.756181
37 0.854127 0.755849
37.05 0.854946 0.755521
37.1 0.855814 0.755198
37.15 0.856728 0.75488
37.2 0.85769 0.754567
37.25 0.858698 0.75426
37.3 0.859752 0.753959
37.35 0.860851 0.753664
37.4 0.861994 0.753375
37.45 0.86318 0.753094
37.5 0.864409 0.75282
37.55 0.865679 0.752554
37.6 0.86699 0.752296
37.65 0.86834 0.752047
37.7 0.869728 0.751806
37.75 0.871154 0.751575
37.8 0.872615 0.751354
37.85 0.874111 0.751144
37.9 0.87564 0.750944
37.95 0.877201 0.750755
38 0.878791 0.750578
38.05 0.880411 0.750414
38.1 0.882057 0.750262
38.15 0.883727 0.750124
38.2 0.885421 0.75
38.25 0.887136 0.74989
38.3 0.888869 0.749796
38.35 0.890618 0.749718
38.4 0.892382 0.749656
38.45 0.894158 0.749611
38.5 0.895942 0.749585
38.55 0.897733 0.749576
38.6 0.899527 0.749587
38.65 0.901321 0.749619
38.7 0.903113 0.74967
38.75 0.904898 0.749743
38.8 0.906674 0.749839
38.85 0.908437 0.749957
38.9 0.910184 0.750099
38.95 0.91191 0.750265
39 0.913611 0.750456
39.05 0.915284 0.750672
39.1 0.916924 0.750915
39.15 0.918527 0.751184
39.2 0.920089 0.75148
39.25 0.921605 0.751803
39.3 0.923071 0.752154
39.35 0.924481 0.752533
39.4 0.925832 0.752939
39.45 0.927119 0.753372
39.5 0.928337 0.753832
39.55 0.929482 0.754319
39.6 0.93055 0.754831
39.65 0.931535 0.755368
39.7 0.932435 0.755927
39.75 0.933245 0.756509
39.8 0.933961 0.75711
39.85 0.934582 0.757729
39.9 0.935103 0.758364
39.95 0.935522 0.759012
40 0.935837 0.75967
40.05 0.936047 0.760337
40.1 0.936151 0.761008
40.15 0.936148 0.761682
40.2 0.936037 0.762354
40.25 0.93582 0.763023
40.3 0.935497 0.763684
40.35 0.93507 0.764336
40.4 0.93454 0.764975
40.45 0.93391 0.7656
40.5 0.933183 0.766207
40.55 0.932362 0.766794
40.6 0.93145 0.76736
40.65 0.930451 0.767904
40.7 0.92937 0.768422
40.75 0.92821 0.768916
40.8 0.926975 0.769382
40.85 0.925671 0.769822
40.9 0.924302 0.770234
40.95 0.922873 0.770618
41 0.921387 0.770973
41.05 0.919851 0.771301
41.1 0.918269 0.7716
41.15 0.916644 0.771872
41.2 0.914982 0.772117
41.25 0.913288 0.772335
41.3 0.911565 0.772526
41.35 0.909817 0.772692
41.4 0.908049 0.772833
41.45 0.906265 0.772949
41.5 0.904468 0.773042
41.55 0.902663 0.773112
41.6 0.900851 0.77316
41.65 0.899038 0.773187
41.7 0.897226 0.773192
41.75 0.895419 0.773178
41.8 0.893618 0.773145
41.85 0.891828 0.773094
41.9 0.89005 0.773024
41.95 0.888288 0.772938
42 0.886543 0.772835
42.05 0.884818 0.772717
42.1 0.883116 0.772584
42.15 0.881438 0.772437
42.2 0.879786 0.772276
42.25 0.878163 0.772102
42.3 0.876569 0.771915
42.35 0.875007 0.771716
42.4 0.873477 0.771506
42.45 0.871983 0.771285
42.5 0.870525 0.771054
42.55 0.869103 0.770813
42.6 0.867721 0.770562
42.65 0.866378 0.770303
42.7 0.865076 0.770035
42.75 0.863816 0.769759
42.8 0.862599 0.769475
42.85 0.861426 0.769184
42.9 0.860297 0.768887
42.95 0.859214 0.768583
43 0.858177 0.768273
43.05 0.857186 0.767957
43.1 0.856244 0.767636
43.15 0.855349 0.76731
43.2 0.854503 0.766979
43.25 0.853706 0.766644
43.3 0.852959 0.766305
43.35 0.852261 0.765962
43.4 0.851615 0.765616
43.45 0.851019 0.765267
43.5 0.850474 0.764915
43.55 0.84998 0.764561
43.6 0.849538 0.764204
43.65 0.849148 0.763845
43.7 0.84881 0.763485
43.75 0.848524 0.763123
43.8 0.848291 0.762761
43.85 0.84811 0.762397
43.9 0.847981 0.762033
43.95 0.847905 0.761668
44 0.847882 0.761304
44.05 0.847911 0.760939
44.1 0.847993 0.760575
44.15 0.848127 0.760212
44.2 0.848313 0.759849
44.25 0.848552 0.759488
44.3 0.848843 0.759129
44.35 0.849185 0.758771
44.4 0.84958 0.758415
44.45 0.850026 0.758061
44.5 0.850522 0.75771
44.55 0.85107 0.757362
44.6 0.851669 0.757017
44.65 0.852317 0.756675
44.7 0.853016 0.756337
44.75 0.853763 0.756003
44.8 0.85456 0.755673
44.85 0.855405 0.755348
44.9 0.856298 0.755027
44.95 0.857238 0.754712
45 0.858225 0.754402
45.05 0.859257 0.754098
45.1 0.860336 0.7538
45.15 0.861458 0.753508
45.2 0.862624 0.753224
45.25 0.863833 0.752946
45.3 0.865084 0.752677
45.35 0.866376 0.752415
45.4 0.867708 0.752161
45.45 0.869079 0.751917
45.5 0.870487 0.751681
45.55 0.871932 0.751456
45.6 0.873412 0.75124
45.65 0.874926 0.751035
45.7 0.876472 0.750841
45.75 0.878049 0.750659
45.8 0.879656 0.750489
45.85 0.881289 0.750331
45.9 0.882949 0.750186
45.95 0.884632 0.750056
46 0.886337 0.749939
46.05 0.888062 0.749838
46.1 0.889804 0.749752
46.15 0.891562 0.749683
46.2 0.893332 0.74963
46.25 0.895113 0.749595
46.3 0.896901 0.749578
46.35 0.898694 0.74958
46.4 0.900488 0.749602
46.45 0.902281 0.749644
46.5 0.90407 0.749707
46.55 0.905851 0.749792
46.6 0.907621 0.749899
46.65 0.909375 0.75003
46.7 0.911111 0.750185
46.75 0.912825 0.750364
46.8 0.914511 0.750569
46.85 0.916167 0.750799
46.9 0.917788 0.751056
46.95 0.91937 0.751339
47 0.920908 0.75165
47.05 0.922397 0.751988
47.1 0.923834 0.752354
47.15 0.925213 0.752747
47.2 0.92653 0.753168
47.25 0.927781 0.753615
47.3 0.92896 0.75409
47.35 0.930064 0.75459
47.4 0.931088 0.755116
47.45 0.932028 0.755665
47.5 0.93288 0.756236
47.55 0.93364 0.756828
47.6 0.934306 0.757439
47.65 0.934873 0.758067
47.7 0.93534 0.758709
47.75 0.935704 0.759363
47.8 0.935963 0.760027
47.85 0.936116 0.760696
47.9 0.936163 0.761369
47.95 0.936102 0.762042
48 0.935934 0.762713
48.05 0.93566 0.763378
48.1 0.935281 0.764035
48.15 0.934798 0.76468
48.2 0.934215 0.765312
48.25 0.933532 0.765927
48.3 0.932755 0.766524
48.35 0.931884 0.7671
48.4 0.930925 0.767654
48.45 0.929882 0.768185
48.5 0.928758 0.76869
48.55 0.927557 0.769169
48.6 0.926285 0.769621
48.65 0.924945 0.770046
48.7 0.923543 0.770443
48.75 0.922084 0.770812
48.8 0.92057 0.771152
48.85 0.919009 0.771465
48.9 0.917403 0.77175
48.95 0.915758 0.772007
49 0.914078 0.772237
49.05 0.912368 0.772441
49.1 0.910631 0.772618
49.15 0.908872 0.772771
49.2 0.907095 0.772898
49.25 0.905304 0.773002
49.3 0.903502 0.773083
49.35 0.901693 0.773141
49.4 0.89988 0.773177
49.45 0.898067 0.773192
49.5 0.896257 0.773187
49.55 0.894453 0.773163
49.6 0.892657 0.77312
49.65 0.890874 0.773059
49.7 0.889104 0.77298
49.75 0.887351 0.772885
49.8 0.885616 0.772774
49.85 0.883903 0.772648
49.9 0.882214 0.772507
49.95 0.88055 0.772352
50 0.878913 0.772184
