0 0.909 0.75
0 0.91074 0.75015
0 0.912459 0.750324
0 0.914151 0.750523
0 0.915814 0.750747
0 0.917443 0.750998
0 0.919034 0.751276
0 0.920581 0.751581
0 0.922082 0.751913
0 0.92353 0.752273
0 0.924922 0.75266
0 0.926253 0.753075
0 0.927518 0.753517
0 0.928713 0.753986
0 0.929833 0.754481
0 0.930875 0.755001
0 0.931833 0.755545
0 0.932704 0.756112
0 0.933485 0.7567
0 0.934171 0.757307
0 0.93476 0.757931
0 0.935248 0.75857
0 0.935634 0.759222
0 0.935916 0.759884
0 0.936092 0.760552
0 0.936161 0.761224
0 0.936124 0.761898
0 0.935979 0.762569
0 0.935727 0.763236
0 0.935371 0.763895
0 0.93491 0.764543
0 0.934348 0.765177
0 0.933687 0.765796
0 0.932929 0.766397
0 0.932078 0.766978
0 0.931138 0.767537
0 0.930113 0.768073
0 0.929005 0.768583
0 0.927821 0.769068
0 0.926564 0.769526
0 0.925238 0.769957
0 0.923849 0.77036
0 0.922401 0.770735
0 0.920899 0.771081
0 0.919348 0.7714
0 0.917751 0.771691
0 0.916114 0.771954
0 0.914442 0.77219
0 0.912737 0.772399
0 0.911006 0.772582
0 0.909251 0.77274
0 0.907478 0.772873
0 0.905689 0.772982
0 0.903889 0.773067
0 0.902081 0.77313
0 0.900269 0.773171
0 0.898456 0.77319
0 0.896645 0.77319
0 0.89484 0.773169
0 0.893042 0.77313
0 0.891256 0.773073
0 0.889483 0.772998
0 0.887726 0.772907
0 0.885987 0.772799
0 0.88427 0.772676
0 0.882575 0.772538
0 0.880905 0.772386
0 0.879262 0.772221
0 0.877648 0.772043
0 0.876064 0.771852
0 0.874512 0.77165
0 0.872994 0.771436
0 0.871511 0.771212
0 0.870065 0.770977
0 0.868656 0.770733
0 0.867286 0.77048
0 0.865956 0.770217
0 0.864668 0.769947
0 0.863422 0.769668
0 0.862218 0.769382
0 0.861059 0.769089
0 0.859945 0.76879
0 0.858877 0.768484
0 0.857855 0.768172
0 0.856879 0.767854
0 0.855952 0.767532
0 0.855073 0.767204
0 0.854243 0.766872
0 0.853462 0.766536
0 0.85273 0.766195
0 0.852049 0.765852
0 0.851419 0.765504
0 0.850839 0.765154
0 0.850311 0.764802
0 0.849834 0.764446
0 0.849408 0.764089
0 0.849035 0.76373
0 0.848714 0.763369
0 0.848445 0.763007
0 0.848228 0.762644
0 0.848064 0.76228
0 0.847952 0.761916
0 0.847893 0.761551
0 0.847887 0.761186
0 0.847933 0.760822
0 0.848031 0.760458
0 0.848182 0.760095
0 0.848385 0.759733
0 0.848641 0.759373
0 0.848948 0.759014
0 0.849308 0.758656
0 0.849718 0.758301
0 0.850181 0.757948
0 0.850694 0.757598
0 0.851258 0.757251
0 0.851873 0.756907
0 0.852537 0.756566
0 0.853252 0.756229
0 0.854015 0.755896
0 0.854827 0.755568
0 0.855688 0.755244
0 0.856596 0.754925
0 0.857551 0.754612
0 0.858552 0.754304
0 0.8596 0.754001
0 0.860692 0.753706
0 0.861829 0.753416
0 0.863009 0.753134
0 0.864232 0.752859
0 0.865496 0.752592
0 0.866801 0.752333
0 0.868145 0.752082
0 0.869528 0.75184
0 0.870948 0.751608
0 0.872405 0.751386
0 0.873896 0.751173
0 0.87542 0.750972
0 0.876976 0.750782
0 0.878563 0.750603
0 0.880178 0.750437
0 0.88182 0.750283
0 0.883487 0.750143
0 0.885178 0.750017
0 0.88689 0.749905
0 0.88862 0.749809
0 0.890368 0.749728
0 0.89213 0.749664
0 0.893903 0.749617
0 0.895687 0.749588
0 0.897477 0.749577
0 0.89927 0.749585
0 0.901065 0.749613
0 0.902857 0.749662
0 0.904643 0.749732
0 0.906421 0.749824
0 0.908186 0.749939
0 0.909935 0.750077
0 0.911664 0.75024
0 0.913369 0.750427
0 0.915046 0.75064
0 0.916692 0.750879
0 0.9183 0.751144
0 0.919868 0.751436
0 0.921391 0.751756
0 0.922864 0.752103
0 0.924283 0.752477
0 0.925642 0.752879
0 0.926939 0.753309
0 0.928167 0.753765
0 0.929322 0.754248
0 0.930401 0.754756
0 0.931398 0.75529
0 0.932311 0.755846
0 0.933133 0.756424
0 0.933864 0.757023
0 0.934498 0.757639
0 0.935033 0.758272
0 0.935467 0.758918
0 0.935798 0.759576
0 0.936023 0.760241
0 0.936142 0.760912
0 0.936154 0.761585
0 0.936058 0.762258
0 0.935856 0.762927
0 0.935548 0.76359
0 0.935136 0.764243
0 0.934621 0.764885
0 0.934005 0.765511
0 0.933292 0.766121
0 0.932484 0.766711
0 0.931585 0.76728
0 0.930598 0.767827
0 0.929528 0.768349
0 0.928379 0.768846
0 0.927155 0.769317
0 0.925861 0.76976
0 0.924501 0.770176
0 0.92308 0.770564
0 0.921603 0.770924
0 0.920073 0.771255
0 0.918497 0.771559
0 0.916879 0.771835
0 0.915222 0.772083
0 0.913532 0.772305
0 0.911813 0.7725
0 0.910068 0.772669
0 0.908303 0.772814
0 0.906521 0.772934
0 0.904726 0.77303
0 0.902921 0.773103
0 0.901111 0.773154
0 0.899298 0.773184
0 0.897486 0.773192
0 0.895677 0.773181
0 0.893876 0.773151
0 0.892084 0.773102
0 0.890304 0.773035
0 0.88854 0.772951
0 0.886792 0.772851
0 0.885065 0.772735
0 0.883359 0.772604
0 0.881678 0.772458
0 0.880022 0.772299
0 0.878394 0.772127
0 0.876796 0.771942
0 0.875229 0.771745
0 0.873695 0.771536
0 0.872196 0.771317
0 0.870732 0.771087
0 0.869306 0.770847
0 0.867918 0.770598
0 0.866569 0.77034
0 0.865262 0.770073
0 0.863996 0.769798
0 0.862773 0.769516
0 0.861593 0.769226
0 0.860458 0.768929
0 0.859368 0.768626
0 0.858324 0.768317
0 0.857327 0.768002
0 0.856378 0.767682
0 0.855476 0.767357
0 0.854623 0.767027
0 0.853819 0.766692
0 0.853065 0.766354
0 0.85236 0.766011
0 0.851706 0.765666
0 0.851103 0.765317
0 0.850551 0.764966
0 0.85005 0.764611
0 0.849601 0.764255
0 0.849203 0.763897
0 0.848858 0.763537
0 0.848564 0.763175
0 0.848323 0.762813
0 0.848135 0.762449
0 0.847999 0.762085
0 0.847915 0.76172
0 0.847885 0.761356
0 0.847906 0.760991
0 0.84798 0.760627
0 0.848107 0.760264
0 0.848286 0.759901
0 0.848517 0.75954
0 0.848801 0.75918
0 0.849136 0.758822
0 0.849523 0.758466
0 0.849961 0.758112
0 0.850451 0.75776
0 0.850991 0.757412
0 0.851582 0.757066
0 0.852224 0.756724
0 0.852915 0.756385
0 0.853656 0.756051
0 0.854445 0.75572
0 0.855284 0.755394
0 0.85617 0.755073
0 0.857103 0.754757
0 0.858083 0.754446
0 0.859109 0.754141
0 0.860181 0.753842
0 0.861297 0.75355
0 0.862457 0.753264
0 0.86366 0.752986
0 0.864905 0.752715
0 0.866191 0.752452
0 0.867517 0.752197
0 0.868883 0.751952
0 0.870286 0.751715
0 0.871725 0.751488
0 0.8732 0.751271
0 0.874709 0.751064
0 0.876251 0.750869
0 0.877824 0.750685
0 0.879426 0.750513
0 0.881056 0.750353
0 0.882711 0.750207
0 0.884391 0.750074
0 0.886093 0.749956
0 0.887815 0.749852
0 0.889555 0.749764
0 0.891311 0.749692
0 0.893079 0.749637
0 0.894859 0.749599
0 0.896646 0.74958
0 0.898438 0.749579
0 0.900232 0.749598
0 0.902026 0.749637
0 0.903815 0.749697
0 0.905597 0.749779
0 0.907369 0.749883
0 0.909126 0.750011
0 0.910864 0.750162
0 0.912581 0.750338
0 0.914272 0.750538
0 0.915932 0.750765
0 0.917558 0.751018
0 0.919146 0.751298
0 0.92069 0.751604
0 0.922187 0.751939
0 0.923631 0.7523
0 0.925019 0.75269
0 0.926345 0.753106
0 0.927605 0.75355
0 0.928795 0.754021
0 0.92991 0.754518
0 0.930945 0.755039
0 0.931897 0.755585
0 0.932762 0.756153
0 0.933536 0.756743
0 0.934215 0.757351
0 0.934797 0.757977
0 0.935278 0.758617
0 0.935656 0.75927
0 0.935931 0.759932
0 0.936099 0.7606
0 0.936161 0.761273
0 0.936115 0.761946
0 0.935963 0.762617
0 0.935704 0.763283
0 0.935339 0.763941
0 0.934872 0.764589
0 0.934302 0.765222
0 0.933634 0.76584
0 0.93287 0.76644
0 0.932012 0.767019
0 0.931066 0.767576
0 0.930034 0.76811
0 0.928922 0.768619
0 0.927732 0.769102
0 0.92647 0.769558
0 0.92514 0.769986
0 0.923746 0.770387
0 0.922294 0.77076
0 0.920789 0.771105
0 0.919234 0.771421
0 0.917634 0.77171
0 0.915995 0.771971
0 0.91432 0.772205
0 0.912614 0.772412
0 0.910881 0.772594
0 0.909125 0.77275
0 0.90735 0.772881
0 0.905561 0.772988
0 0.90376 0.773072
0 0.901952 0.773133
0 0.90014 0.773172
0 0.898327 0.77319
0 0.896516 0.773188
0 0.894711 0.773167
0 0.892914 0.773126
0 0.891129 0.773068
0 0.889357 0.772992
0 0.887601 0.772899
0 0.885864 0.77279
0 0.884148 0.772666
0 0.882455 0.772527
0 0.880788 0.772374
0 0.879147 0.772208
0 0.877535 0.772029
0 0.875953 0.771837
0 0.874404 0.771634
0 0.872888 0.77142
0 0.871408 0.771195
0 0.869964 0.77096
0 0.868558 0.770715
0 0.867191 0.770461
0 0.865864 0.770198
0 0.864579 0.769927
0 0.863336 0.769648
0 0.862136 0.769361
0 0.86098 0.769068
0 0.859869 0.768768
0 0.858804 0.768461
0 0.857785 0.768149
0 0.856814 0.767831
0 0.85589 0.767508
0 0.855014 0.76718
0 0.854187 0.766848
0 0.85341 0.766511
0 0.852682 0.766171
0 0.852005 0.765827
0 0.851378 0.765479
0 0.850802 0.765129
0 0.850277 0.764776
0 0.849804 0.764421
0 0.849382 0.764063
0 0.849013 0.763704
0 0.848695 0.763343
0 0.84843 0.762981
0 0.848217 0.762618
0 0.848057 0.762254
0 0.847949 0.761889
0 0.847894 0.761525
0 0.847891 0.76116
0 0.847941 0.760796
0 0.848043 0.760432
0 0.848198 0.760069
0 0.848405 0.759707
0 0.848664 0.759347
0 0.848975 0.758988
0 0.849338 0.758631
0 0.849753 0.758276
0 0.850219 0.757923
0 0.850735 0.757573
0 0.851303 0.757226
0 0.851921 0.756882
0 0.852589 0.756542
0 0.853307 0.756205
0 0.854074 0.755873
0 0.85489 0.755545
0 0.855754 0.755221
0 0.856665 0.754903
0 0.857624 0.75459
0 0.858629 0.754282
0 0.859679 0.75398
0 0.860775 0.753685
0 0.861914 0.753396
0 0.863098 0.753114
0 0.864323 0.75284
0 0.86559 0.752573
0 0.866898 0.752315
0 0.868245 0.752065
0 0.869631 0.751824
0 0.871054 0.751592
0 0.872512 0.75137
0 0.874006 0.751159
0 0.875533 0.750958
0 0.877091 0.750769
0 0.87868 0.750591
0 0.880297 0.750426
0 0.881941 0.750273
0 0.88361 0.750134
0 0.885302 0.750009
0 0.887015 0.749899
0 0.888747 0.749803
0 0.890495 0.749724
0 0.892258 0.749661
0 0.894032 0.749615
0 0.895816 0.749587
0 0.897606 0.749577
0 0.8994 0.749587
0 0.901194 0.749616
0 0.902986 0.749667
0 0.904772 0.749738
0 0.906549 0.749832
0 0.908313 0.749949
0 0.91006 0.750089
0 0.911787 0.750253
0 0.913491 0.750442
0 0.915166 0.750657
0 0.916808 0.750898
0 0.918414 0.751165
0 0.919979 0.751459
0 0.921498 0.75178
0 0.922967 0.752129
0 0.924382 0.752506
0 0.925737 0.75291
0 0.927028 0.753341
0 0.928251 0.7538
0 0.929402 0.754284
0 0.930474 0.754794
0 0.931466 0.755329
0 0.932371 0.755887
0 0.933188 0.756467
0 0.933911 0.757067
0 0.934538 0.757685
0 0.935066 0.758318
0 0.935493 0.758966
0 0.935816 0.759623
0 0.936033 0.760289
0 0.936145 0.760961
0 0.936149 0.761634
0 0.936046 0.762306
0 0.935836 0.762975
0 0.935521 0.763637
0 0.935101 0.76429
0 0.934578 0.76493
0 0.933956 0.765555
0 0.933235 0.766164
0 0.932421 0.766753
0 0.931515 0.76732
0 0.930523 0.767865
0 0.929447 0.768386
0 0.928293 0.768881
0 0.927063 0.769349
0 0.925764 0.769791
0 0.9244 0.770204
0 0.922975 0.77059
0 0.921493 0.770948
0 0.919961 0.771277
0 0.918382 0.771579
0 0.91676 0.771853
0 0.915101 0.772099
0 0.913409 0.772319
0 0.911688 0.772512
0 0.909942 0.77268
0 0.908176 0.772823
0 0.906393 0.772941
0 0.904597 0.773035
0 0.902792 0.773107
0 0.900981 0.773156
0 0.899168 0.773184
0 0.897356 0.773192
0 0.895548 0.773179
0 0.893747 0.773147
0 0.891956 0.773097
0 0.890178 0.773029
0 0.888414 0.772944
0 0.886668 0.772842
0 0.884942 0.772725
0 0.883239 0.772593
0 0.881559 0.772447
0 0.879905 0.772287
0 0.87828 0.772113
0 0.876684 0.771928
0 0.875119 0.77173
0 0.873588 0.771521
0 0.872091 0.7713
0 0.87063 0.77107
0 0.869207 0.770829
0 0.867821 0.770579
0 0.866476 0.770321
0 0.865171 0.770053
0 0.863908 0.769778
0 0.862688 0.769495
0 0.861512 0.769205
0 0.86038 0.768908
0 0.859294 0.768604
0 0.858253 0.768294
0 0.85726 0.767979
0 0.856314 0.767658
0 0.855415 0.767333
0 0.854566 0.767002
0 0.853766 0.766668
0 0.853015 0.766329
0 0.852314 0.765987
0 0.851664 0.765641
0 0.851064 0.765292
0 0.850516 0.76494
0 0.850018 0.764586
0 0.849573 0.764229
0 0.849179 0.763871
0 0.848837 0.763511
0 0.848548 0.763149
0 0.848311 0.762786
0 0.848126 0.762423
0 0.847994 0.762059
0 0.847914 0.761694
0 0.847887 0.761329
0 0.847912 0.760965
0 0.84799 0.760601
0 0.848121 0.760238
0 0.848304 0.759875
0 0.848539 0.759514
0 0.848826 0.759154
0 0.849165 0.758796
0 0.849555 0.75844
0 0.849997 0.758086
0 0.850491 0.757735
0 0.851035 0.757387
0 0.85163 0.757042
0 0.852275 0.7567
0 0.852969 0.756361
0 0.853714 0.756027
0 0.854507 0.755697
0 0.855348 0.755371
0 0.856238 0.75505
0 0.857174 0.754734
0 0.858158 0.754424
0 0.859187 0.75412
0 0.860262 0.753821
0 0.861381 0.753529
0 0.862544 0.753244
0 0.86375 0.752966
0 0.864998 0.752696
0 0.866287 0.752434
0 0.867616 0.75218
0 0.868984 0.751935
0 0.87039 0.751699
0 0.871832 0.751472
0 0.87331 0.751256
0 0.874821 0.75105
0 0.876365 0.750855
0 0.87794 0.750672
0 0.879544 0.750501
0 0.881175 0.750343
0 0.882833 0.750197
0 0.884515 0.750066
0 0.886218 0.749948
0 0.887941 0.749846
0 0.889682 0.749759
0 0.891439 0.749688
0 0.893208 0.749634
0 0.894988 0.749598
0 0.896775 0.74958
0 0.898568 0.74958
0 0.900362 0.749601
0 0.902155 0.749641
0 0.903944 0.749703
0 0.905726 0.749786
0 0.907496 0.749892
0 0.909252 0.750021
0 0.910989 0.750174
0 0.912704 0.750352
0 0.914392 0.750555
0 0.91605 0.750783
0 0.917674 0.751038
0 0.919258 0.751319
0 0.920799 0.751628
0 0.922292 0.751964
0 0.923732 0.752328
0 0.925116 0.752719
0 0.926437 0.753138
0 0.927692 0.753584
0 0.928877 0.754056
0 0.929986 0.754555
0 0.931016 0.755078
0 0.931961 0.755626
0 0.93282 0.756196
0 0.933587 0.756786
0 0.934259 0.757396
0 0.934833 0.758023
0 0.935307 0.758664
0 0.935678 0.759317
0 0.935945 0.75998
0 0.936105 0.760649
0 0.936159 0.761321
0 0.936106 0.761995
0 0.935946 0.762666
0 0.935679 0.763331
0 0.935308 0.763988
0 0.934832 0.764635
0 0.934256 0.765267
0 0.933581 0.765884
0 0.93281 0.766482
0 0.931946 0.767059
0 0.930993 0.767615
0 0.929956 0.768147
0 0.928837 0.768654
0 0.927642 0.769135
0 0.926375 0.769589
0 0.92504 0.770016
0 0.923643 0.770414
0 0.922187 0.770785
0 0.920678 0.771128
0 0.919119 0.771442
0 0.917517 0.771729
0 0.915875 0.771988
0 0.914198 0.77222
0 0.912489 0.772426
0 0.910755 0.772605
0 0.908997 0.772759
0 0.907222 0.772889
0 0.905431 0.772994
0 0.90363 0.773076
0 0.901822 0.773136
0 0.900009 0.773174
0 0.898197 0.77319
0 0.896386 0.773187
0 0.894582 0.773164
0 0.892786 0.773122
0 0.891001 0.773062
0 0.889231 0.772985
0 0.887477 0.772891
0 0.885741 0.772781
0 0.884027 0.772656
0 0.882336 0.772516
0 0.88067 0.772362
0 0.879031 0.772195
0 0.877421 0.772015
0 0.875842 0.771823
0 0.874295 0.771619
0 0.872782 0.771404
0 0.871304 0.771178
0 0.869863 0.770942
0 0.86846 0.770696
0 0.867096 0.770442
0 0.865772 0.770178
0 0.86449 0.769906
0 0.86325 0.769627
0 0.862053 0.76934
0 0.860901 0.769046
0 0.859793 0.768745
0 0.858731 0.768439
0 0.857716 0.768126
0 0.856748 0.767808
0 0.855827 0.767484
0 0.854955 0.767156
0 0.854132 0.766823
0 0.853358 0.766486
0 0.852634 0.766146
0 0.85196 0.765801
0 0.851337 0.765454
0 0.850765 0.765103
0 0.850244 0.76475
0 0.849774 0.764395
0 0.849357 0.764037
0 0.848991 0.763678
0 0.848677 0.763317
0 0.848416 0.762955
0 0.848207 0.762591
0 0.84805 0.762228
0 0.847946 0.761863
0 0.847894 0.761499
0 0.847896 0.761134
0 0.847949 0.76077
0 0.848055 0.760406
0 0.848214 0.760043
0 0.848424 0.759681
0 0.848687 0.759321
0 0.849002 0.758962
0 0.849369 0.758605
0 0.849787 0.75825
0 0.850257 0.757898
0 0.850777 0.757548
0 0.851349 0.757201
0 0.85197 0.756858
0 0.852642 0.756518
0 0.853363 0.756181
0 0.854134 0.755849
0 0.854953 0.755521
0 0.85582 0.755198
0 0.856735 0.75488
0 0.857697 0.754567
0 0.858705 0.75426
0 0.859759 0.753959
0 0.860858 0.753664
0 0.862001 0.753376
0 0.863187 0.753095
0 0.864415 0.752821
0 0.865685 0.752555
0 0.866996 0.752297
0 0.868346 0.752047
0 0.869734 0.751807
0 0.87116 0.751576
0 0.872621 0.751355
0 0.874117 0.751144
0 0.875646 0.750945
0 0.877206 0.750756
0 0.878797 0.750579
0 0.880416 0.750415
0 0.882062 0.750263
0 0.883732 0.750125
0 0.885426 0.750001
0 0.88714 0.749892
0 0.888873 0.749797
0 0.890623 0.749719
0 0.892386 0.749657
0 0.894162 0.749613
0 0.895946 0.749586
0 0.897736 0.749578
0 0.89953 0.749589
0 0.901324 0.74962
0 0.903115 0.749672
0 0.904901 0.749745
0 0.906677 0.74984
0 0.908439 0.749959
0 0.910186 0.750101
0 0.911911 0.750267
0 0.913612 0.750458
0 0.915285 0.750674
0 0.916925 0.750917
0 0.918528 0.751186
0 0.92009 0.751482
0 0.921605 0.751805
0 0.923071 0.752156
0 0.924481 0.752535
0 0.925832 0.752941
0 0.927118 0.753374
0 0.928336 0.753834
0 0.929481 0.754321
0 0.930548 0.754833
0 0.931533 0.755369
0 0.932432 0.755929
0 0.933242 0.75651
0 0.933958 0.757111
0 0.934578 0.75773
0 0.935099 0.758365
0 0.935518 0.759013
0 0.935833 0.759671
0 0.936043 0.760338
0 0.936147 0.761009
0 0.936143 0.761682
0 0.936033 0.762355
0 0.935815 0.763023
0 0.935492 0.763685
0 0.935065 0.764336
0 0.934535 0.764975
0 0.933905 0.7656
0 0.933178 0.766206
0 0.932357 0.766794
0 0.931445 0.76736
0 0.930447 0.767903
0 0.929365 0.768422
0 0.928205 0.768915
0 0.926971 0.769381
0 0.925667 0.769821
0 0.924298 0.770233
0 0.922869 0.770616
0 0.921384 0.770972
0 0.919848 0.7713
0 0.918265 0.771599
0 0.916641 0.771871
0 0.91498 0.772116
0 0.913285 0.772333
0 0.911562 0.772525
0 0.909815 0.772691
0 0.908047 0.772831
0 0.906263 0.772948
0 0.904467 0.773041
0 0.902661 0.773111
0 0.90085 0.773158
0 0.899038 0.773185
0 0.897226 0.773191
0 0.895418 0.773177
0 0.893618 0.773143
0 0.891828 0.773092
0 0.890051 0.773023
0 0.888289 0.772936
0 0.886544 0.772834
0 0.88482 0.772716
0 0.883118 0.772583
0 0.88144 0.772435
0 0.879788 0.772274
0 0.878165 0.7721
0 0.876571 0.771913
0 0.875009 0.771715
0 0.87348 0.771505
0 0.871986 0.771284
0 0.870528 0.771052
0 0.869107 0.770811
0 0.867725 0.770561
0 0.866382 0.770301
0 0.865081 0.770033
0 0.863821 0.769757
0 0.862604 0.769474
0 0.861431 0.769183
0 0.860302 0.768886
0 0.859219 0.768582
0 0.858182 0.768272
0 0.857192 0.767956
0 0.856249 0.767635
0 0.855355 0.767309
0 0.854509 0.766978
0 0.853712 0.766643
0 0.852965 0.766304
0 0.852268 0.765961
0 0.851621 0.765615
0 0.851025 0.765266
0 0.85048 0.764914
0 0.849987 0.76456
0 0.849545 0.764203
0 0.849155 0.763845
0 0.848817 0.763484
0 0.848532 0.763123
0 0.848298 0.76276
0 0.848117 0.762396
0 0.847989 0.762032
0 0.847913 0.761668
0 0.84789 0.761303
0 0.847919 0.760939
0 0.848001 0.760575
0 0.848135 0.760211
0 0.848321 0.759849
0 0.84856 0.759488
0 0.848851 0.759128
0 0.849194 0.758771
0 0.849588 0.758415
0 0.850034 0.758061
0 0.850531 0.75771
0 0.851079 0.757362
0 0.851677 0.757017
0 0.852326 0.756675
0 0.853024 0.756337
0 0.853772 0.756003
0 0.854568 0.755673
0 0.855413 0.755348
0 0.856306 0.755027
0 0.857246 0.754712
0 0.858233 0.754402
0 0.859266 0.754098
0 0.860344 0.7538
0 0.861466 0.753509
0 0.862632 0.753224
0 0.863841 0.752947
0 0.865092 0.752677
0 0.866384 0.752416
0 0.867716 0.752162
0 0.869087 0.751918
0 0.870495 0.751682
0 0.87194 0.751457
0 0.87342 0.751241
0 0.874933 0.751036
0 0.876479 0.750842
0 0.878056 0.75066
0 0.879662 0.75049
0 0.881296 0.750332
0 0.882955 0.750188
0 0.884638 0.750057
0 0.886343 0.749941
0 0.888068 0.749839
0 0.88981 0.749754
0 0.891567 0.749684
0 0.893337 0.749631
0 0.895118 0.749596
0 0.896906 0.74958
0 0.898698 0.749582
0 0.900492 0.749603
0 0.902285 0.749645
0 0.904074 0.749709
0 0.905854 0.749794
0 0.907624 0.749901
0 0.909378 0.750032
0 0.911114 0.750187
0 0.912827 0.750366
0 0.914513 0.750571
0 0.916169 0.750801
0 0.917789 0.751058
0 0.919371 0.751341
0 0.920908 0.751652
0 0.922397 0.75199
0 0.923834 0.752356
0 0.925212 0.752749
0 0.926529 0.75317
0 0.927779 0.753618
0 0.928958 0.754092
0 0.930062 0.754592
0 0.931086 0.755118
0 0.932025 0.755667
0 0.932877 0.756238
0 0.933637 0.75683
0 0.934302 0.757441
0 0.934869 0.758069
0 0.935336 0.758711
0 0.935699 0.759365
0 0.935958 0.760028
0 0.936111 0.760697
0 0.936157 0.76137
0 0.936096 0.762043
0 0.935928 0.762714
0 0.935654 0.763379
0 0.935275 0.764035
0 0.934793 0.764681
0 0.934209 0.765312
0 0.933527 0.765927
0 0.932749 0.766524
0 0.931879 0.7671
0 0.93092 0.767654
0 0.929876 0.768184
0 0.928752 0.768689
0 0.927552 0.769168
0 0.92628 0.76962
0 0.92494 0.770045
0 0.923538 0.770442
0 0.922079 0.77081
0 0.920566 0.771151
0 0.919004 0.771463
0 0.917399 0.771748
0 0.915754 0.772005
0 0.914075 0.772235
0 0.912365 0.772439
0 0.910628 0.772617
0 0.908869 0.772769
0 0.907093 0.772896
0 0.905301 0.773
0 0.9035 0.773081
0 0.901691 0.773139
0 0.899879 0.773175
0 0.898066 0.77319
0 0.896256 0.773185
0 0.894452 0.773161
0 0.892657 0.773118
0 0.890874 0.773057
0 0.889104 0.772978
0 0.887351 0.772883
0 0.885617 0.772772
0 0.883905 0.772646
0 0.882215 0.772505
0 0.880552 0.77235
0 0.878915 0.772182
